508875
508876
508874
499827
499834
499829
499836
499828
499835
550103
550104
550105
550106
550108
508005
508006
510087
499891
499889
499890
499878
499879
499884
499883
499880
499885
510097
510098
560844
510092
510099
560863
550097
550098
499921
499922
499923
499924
499925
560964
499926
499941
499943
560965
560967
499945
550076
550078
499987
499985
499991
506604
499989
499990
573523
500000
500007
500001
573543
500003
500005
500006
502043
506283
573563
560985
560984
500019
502074
502045
500020
511723
500074
500075
508886
508884
508885
500077
508883
508889
500085
500087
500090
500105
500106
550046
550047
550051
550053
550054
550056
508024
500138
500139
500140
500141
500142
500146
500147
561944
500162
500163
550032
500214
500215
500216
500218
500229
565763
500234
500235
500236
548123
500240
500241
500242
550020
550022
550023
560409
560415
560502
560418
562732
562733
562734
562735
560524
560525
560526
562737
562738
562739
562740
560529
560531
560533
560430
562742
562746
562687
562688
562758
562760
562696
562697
562761
562700
562764
562704
562765
562709
562711
562767
562716
562751
562754
562775
542326
542327
542328
542337
542338
542402
542403
542408
542409
542362
542363
542364
564003
564004
564005
564006
500331
500340
500341
500342
560866
560867
500356
500361
500366
500367
500371
500372
549982
549983
549986
560988
500407
500408
500409
500410
500420
500421
500422
500424
500425
549971
549974
549972
500447
500456
500457
500461
